0000000000
0000000011
0000000110
0000001001
0000001101
0000010000
0000010011
0000010110
0000011001
0000011100
0000011111
0000100011
0000100110
0000101001
0000101100
0000101111
0000110010
0000110101
0000111001
0000111100
0000111111
0001000010
0001000101
0001001000
0001001011
0001001110
0001010001
0001010101
0001011000
0001011011
0001011110
0001100001
0001100100
0001100111
0001101010
0001101101
0001110000
0001110011
0001110111
0001111010
0001111101
0010000000
0010000011
0010000110
0010001001
0010001100
0010001111
0010010010
0010010101
0010011000
0010011011
0010011110
0010100001
0010100100
0010100111
0010101010
0010101101
0010110000
0010110011
0010110110
0010111001
0010111100
0010111110
0011000001
0011000100
0011000111
0011001010
0011001101
0011010000
0011010011
0011010110
0011011000
0011011011
0011011110
0011100001
0011100100
0011100111
0011101001
0011101100
0011101111
0011110010
0011110101
0011110111
0011111010
0011111101
0011111111
0100000010
0100000101
0100001000
0100001010
0100001101
0100010000
0100010010
0100010101
0100011000
0100011010
0100011101
0100011111
0100100010
0100100101
0100100111
0100101010
0100101100
0100101111
0100110001
0100110100
0100110110
0100111001
0100111011
0100111110
0101000000
0101000011
0101000101
0101001000
0101001010
0101001100
0101001111
0101010001
0101010100
0101010110
0101011000
0101011011
0101011101
0101011111
0101100001
0101100100
0101100110
0101101000
0101101010
0101101101
0101101111
0101110001
0101110011
0101110101
0101111000
0101111010
0101111100
0101111110
0110000000
0110000010
0110000100
0110000110
0110001000
0110001010
0110001100
0110001110
0110010000
0110010010
0110010100
0110010110
0110011000
0110011010
0110011100
0110011101
0110011111
0110100001
0110100011
0110100101
0110100110
0110101000
0110101010
0110101100
0110101101
0110101111
0110110001
0110110010
0110110100
0110110110
0110110111
0110111001
0110111011
0110111100
0110111110
0110111111
0111000001
0111000010
0111000100
0111000101
0111000111
0111001000
0111001001
0111001011
0111001100
0111001110
0111001111
0111010000
0111010010
0111010011
0111010100
0111010101
0111010111
0111011000
0111011001
0111011010
0111011011
0111011100
0111011110
0111011111
0111100000
0111100001
0111100010
0111100011
0111100100
0111100101
0111100110
0111100111
0111101000
0111101001
0111101010
0111101011
0111101011
0111101100
0111101101
0111101110
0111101111
0111110000
0111110000
0111110001
0111110010
0111110010
0111110011
0111110100
0111110100
0111110101
0111110110
0111110110
0111110111
0111110111
0111111000
0111111000
0111111001
0111111001
0111111010
0111111010
0111111011
0111111011
0111111100
0111111100
0111111100
0111111101
0111111101
0111111101
0111111101
0111111110
0111111110
0111111110
0111111110
0111111110
0111111111
0111111111
0111111111
0111111111
0111111111
0111111111
0111111111
0111111111
